node list: 0 1 2 3 4 5 6 7 8 9 10 11 12 13 14 15 16 17 18 19 20 21 22 23 24 25 26 27 28 29 
network converged at round: 4
last node changed: 15
number messages per round: 480
number of messages until convergence: 1920
Node 0 table
20 | 254 | 20
22 | 917 | 22
Node 1 table
4 | 47 | 1
10 | 497 | 1
12 | 265 | 1
14 | 840 | 1
16 | 756 | 16
22 | 541 | 10
25 | 554 | 1
28 | 498 | 1
Node 2 table
5 | 1028 | 2
8 | 326 | 22
13 | 986 | 2
14 | 73 | 14
22 | 269 | 22
Node 3 table
6 | 686 | 6
21 | 376 | 21
Node 4 table
1 | 47 | 1
6 | 799 | 6
15 | 694 | 4
18 | 1020 | 4
26 | 807 | 4
Node 5 table
2 | 1028 | 2
6 | 390 | 6
Node 6 table
3 | 686 | 6
4 | 799 | 6
5 | 390 | 6
14 | 240 | 6
15 | 781 | 28
16 | 23 | 16
28 | 535 | 6
Node 7 table
8 | 793 | 8
9 | 196 | 16
11 | 285 | 29
16 | 180 | 16
27 | 842 | 7
29 | 181 | 7
Node 8 table
2 | 326 | 22
7 | 793 | 8
17 | 109 | 17
22 | 57 | 8
23 | 119 | 8
Node 9 table
7 | 196 | 16
16 | 16 | 16
17 | 312 | 9
19 | 243 | 16
Node 10 table
1 | 497 | 1
22 | 44 | 22
Node 11 table
7 | 285 | 29
29 | 104 | 29
Node 12 table
1 | 265 | 1
26 | 370 | 26
Node 13 table
2 | 986 | 2
16 | 755 | 16
20 | 1001 | 13
Node 14 table
1 | 840 | 1
2 | 73 | 14
6 | 240 | 6
Node 15 table
4 | 694 | 4
6 | 781 | 28
16 | 804 | 6
21 | 347 | 23
22 | 536 | 15
23 | 67 | 15
28 | 246 | 28
Node 16 table
1 | 756 | 16
6 | 23 | 16
7 | 180 | 16
9 | 16 | 16
13 | 755 | 16
15 | 804 | 6
19 | 227 | 16
23 | 871 | 15
26 | 64 | 16
Node 17 table
8 | 109 | 17
9 | 312 | 9
22 | 166 | 8
Node 18 table
4 | 1020 | 4
19 | 786 | 19
Node 19 table
9 | 243 | 16
16 | 227 | 16
18 | 786 | 19
Node 20 table
0 | 254 | 20
13 | 1001 | 13
26 | 255 | 26
Node 21 table
3 | 376 | 21
15 | 347 | 23
23 | 280 | 23
Node 22 table
0 | 917 | 22
1 | 541 | 10
2 | 269 | 22
8 | 57 | 8
10 | 44 | 22
15 | 536 | 15
17 | 166 | 8
27 | 268 | 22
Node 23 table
8 | 119 | 8
15 | 67 | 15
16 | 871 | 15
21 | 280 | 23
24 | 229 | 23
29 | 163 | 23
Node 24 table
23 | 229 | 23
29 | 306 | 29
Node 25 table
1 | 554 | 1
27 | 578 | 27
Node 26 table
4 | 807 | 4
12 | 370 | 26
16 | 64 | 16
20 | 255 | 26
Node 27 table
7 | 842 | 7
22 | 268 | 22
25 | 578 | 27
Node 28 table
1 | 498 | 1
6 | 535 | 6
15 | 246 | 28
Node 29 table
7 | 181 | 7
11 | 104 | 29
23 | 163 | 23
24 | 306 | 29
Sending packet from node 0 to node 23.
taking edge: 15 21
taking edge: 21 15
taking edge: 23 21
